MOLEKUL Experiment Report
Phase    : phase10
Name     : harmonic_freqs
Time     : 2026-04-11T22:39:15
Git SHA  : n/a
Status   : PASS  (11/11 checks passed)
Elapsed  : 70.76 s
────────────────────────────────────────────────────────────
────────────────────────────────────────────────────────────
Metrics:
  h2_frequencies = [5481.081705959891]
  h2_intensities = [1.4354709900860055e-71]
  h2_zpe_ha = 0.012486822900477876
  h2_n_zero = 5
  h2_elapsed_s = 0.34464192390441895
  h2o_frequencies = [2169.834857689058, 4139.788398533968, 4390.823377871985]
  h2o_intensities = [7.237610497197131, 44.28057498965638, 29.96626396944936]
  h2o_zpe_ha = 0.024377411110414984
  h2o_n_zero = 6
  h2o_elapsed_s = 70.4162700176239
  elapsed_s = 70.76112747192383
